211,107
211,107
211,107
211,109
211,109
211,111
211,111
210,112
210,112
209,115
209,115
209,116
209,116
208,118
208,118
207,120
207,120
206,123
206,123
205,126
205,126
203,130
203,130
202,133
202,133
201,134
201,134
201,135
201,135
199,137
199,137
199,137
199,137
197,141
197,141
195,144
195,144
195,144
195,144
191,150
191,150
190,151
190,151
190,153
190,153
186,158
186,158
184,161
184,161
183,162
183,162
183,163
183,163
181,165
181,165
181,166
181,166
179,169
179,169
177,172
177,172
177,172
177,172
174,177
174,177
172,179
172,179
169,184
169,184
169,184
169,184
168,185
168,185
167,187
167,187
167,188
167,188
166,188
166,188
166,189
166,189
165,191
165,191
165,193
165,193
164,193
164,193
164,193
164,193
164,194
164,194
164,194
164,194
164,196
164,196
163,197
163,197
163,197
163,197
163,200
163,200
162,203
162,203
161,206
161,206
160,208
160,208
160,212
160,212
159,213
159,213
159,214
159,214
157,219
157,219
157,221
157,221
155,226
155,226
154,227
154,227
154,229
154,229
154,229
154,229
152,232
152,232
152,233
152,233
151,236
151,236
149,238
149,238
149,238
149,238
149,239
149,239
148,241
148,241
147,242
147,242
146,243
146,243
145,245
145,245
144,246
144,246
144,246
144,246
141,250
141,250
139,252
139,252
139,252
139,252
139,252
139,252
138,252
138,252
137,253
137,253
137,253
137,253
136,254
136,254
136,255
136,255
135,255
135,255
135,255
135,255
134,256
134,256
134,256
134,256
134,257
134,257
132,258
132,258
131,258
131,258
129,260
129,260
128,260
128,260
125,262
125,262
124,263
124,263
120,265
120,265
119,265
119,265
119,265
119,265
113,268
113,268
113,268
113,268
110,270
110,270
107,270
107,270
106,271
106,271
106,271
106,271
105,271
105,271
102,271
102,271
100,272
100,272
98,272
98,272
96,272
96,272
95,272
95,272
89,272
89,272
88,272
88,272
88,272
88,272
85,271
85,271
84,271
84,271
83,271
83,271
81,271
81,271
81,271
81,271
79,270
79,270
79,270
79,270
78,270
78,270
77,270
77,270
76,269
76,269
75,269
75,269
74,269
74,269
74,269
74,269
73,269
73,269
73,269
73,269
72,268
72,268
69,267
69,267
67,266
67,266
67,266
67,266
66,265
66,265
60,262
60,262
58,260
58,260
56,260
56,260
53,257
53,257
51,256
51,256
49,254
49,254
49,254
49,254
45,251
45,251
45,251
45,251
45,251
45,251
44,251
44,251
40,248
40,248
37,246
37,246
36,244
36,244
36,244
36,244
32,241
32,241
29,239
29,239
27,237
27,237
22,232
22,232
20,230
20,230
18,228
18,228
13,223
13,223
10,220
10,220
9,219
9,219
8,218
8,218
7,216
7,216
6,215
6,215
4,213
4,213
4,212
4,212
3,211
3,211
3,210
3,210
2,210
2,210
2,209
2,209
1,207
1,207
1,207
1,207
1,207
1,207
1,207
1,207
1,206
1,206
1,205
1,205
1,205
1,205
1,205
1,205
0,203
0,203
0,203
0,203
0,202
0,202
0,201
0,201
0,201
0,201
0,199
0,199
0,198
0,198
0,197
0,197
0,196
0,196
0,195
0,195
0,195
0,195
0,193
0,193
0,192
0,192
0,191
0,191
0,189
0,189
1,188
1,188
1,186
1,186
1,186
1,186
1,185
1,185
2,183
2,183
2,182
2,182
2,181
2,181
2,180
2,180
3,179
3,179
3,178
3,178
3,178
3,178
4,175
4,175
5,172
5,172
6,172
6,172
7,169
7,169
7,169
7,169
7,169
7,169
9,165
9,165
9,165
9,165
9,165
9,165
11,162
11,162
13,159
13,159
14,158
14,158
18,153
18,153
18,153
18,153
18,153
18,153
19,153
19,153
23,149
23,149
25,146
25,146
27,144
27,144
39,135
39,135
39,135
39,135
39,135
39,135
39,134
39,134
47,128
47,128
52,125
52,125
55,122
55,122
58,119
58,119
58,119
58,119
59,119
59,119
64,115
64,115
70,110
70,110
71,109
71,109
71,109
71,109
71,109
71,109
75,106
75,106
77,104
77,104
79,102
79,102
83,100
83,100
89,96
89,96
92,93
92,93
97,91
97,91
97,91
97,91
98,90
98,90
102,89
102,89
103,89
103,89
106,88
106,88
108,88
108,88
111,87
111,87
113,87
113,87
114,87
114,87
115,87
115,87
118,86
118,86
119,86
119,86
119,86
119,86
122,85
122,85
122,85
122,85
125,84
125,84
126,84
126,84
126,84
126,84
126,84
126,84
132,81
132,81
132,81
132,81
132,81
132,81
138,79
138,79
138,79
138,79
140,78
140,78
141,77
141,77
141,77
141,77
141,77
141,77
143,76
143,76
145,76
145,76
145,75
145,75
145,75
145,75
146,75
146,75
148,74
148,74
149,74
149,74
151,73
151,73
154,72
154,72
154,72
154,72
155,71
155,71
155,71
155,71
161,69
161,69
165,69
165,69
165,69
165,69
168,68
168,68
169,68
169,68
170,68
170,68
173,68
173,68
174,68
174,68
174,68
174,68
178,68
178,68
181,69
181,69
181,69
181,69
182,69
182,69
185,69
185,69
186,70
186,70
188,70
188,70
189,70
189,70
190,71
190,71
190,71
190,71
190,71
190,71
192,71
192,71
193,72
193,72
193,72
193,72
194,72
194,72
194,73
194,73
195,73
195,73
196,74
196,74
197,74
197,74
197,74
197,74
197,75
197,75
200,78
200,78
201,78
201,78
202,80
202,80
203,80
203,80
203,81
203,81
204,83
204,83
206,84
206,84
207,87
207,87
208,88
208,88
208,88
208,88
208,89
208,89
210,93
210,93
211,95
211,95
211,95
211,95
211,95
211,95
211,97
211,97
211,98
211,98
212,99
212,99
212,100
212,100
212,102
212,102
212,103
212,103
212,103
212,103
212,105
212,105
211,107
